GENERATION:  1

INITIAL POPULATION: 
[ 0.00000000e+00  0.00000000e+00 -2.37688267e-13  0.00000000e+00
  0.00000000e+00  0.00000000e+00  0.00000000e+00  0.00000000e+00
  0.00000000e+00  0.00000000e+00  8.72115375e-10]
[0.00000000e+00 0.00000000e+00 0.00000000e+00 4.58753758e-11
 0.00000000e+00 0.00000000e+00 0.00000000e+00 7.89712046e-06
 0.00000000e+00 0.00000000e+00 0.00000000e+00]
[ 0.00000000e+00 -1.47162537e-12  0.00000000e+00  4.47110304e-11
  0.00000000e+00  0.00000000e+00  7.59843238e-16  3.50875167e-06
  0.00000000e+00  0.00000000e+00  0.00000000e+00]
[ 0.00000000e+00  0.00000000e+00  0.00000000e+00  0.00000000e+00
  0.00000000e+00 -1.02293903e-16  0.00000000e+00  0.00000000e+00
 -1.74201873e-06 -1.08103659e-08  5.95851458e-11]
[ 0.00000000e+00 -1.44695921e-12  0.00000000e+00  0.00000000e+00
  0.00000000e+00  0.00000000e+00  0.00000000e+00  2.07201081e-05
  0.00000000e+00  0.00000000e+00  0.00000000e+00]
[ 0.00000000e+00  0.00000000e+00  0.00000000e+00  0.00000000e+00
  0.00000000e+00 -2.68271409e-16  0.00000000e+00  0.00000000e+00
  0.00000000e+00  0.00000000e+00  0.00000000e+00]
[ 0.00000000e+00  0.00000000e+00  0.00000000e+00  0.00000000e+00
 -1.83715581e-10 -9.03084795e-16  0.00000000e+00  4.87650341e-06
  0.00000000e+00  0.00000000e+00  0.00000000e+00]
[ 0.00000000e+00  0.00000000e+00 -2.35789554e-13  4.58186512e-11
 -1.82722362e-10  0.00000000e+00  1.38979589e-16  4.30246382e-06
 -1.91037619e-06 -1.15788780e-08  0.00000000e+00]
[ 0.00000000e+00  0.00000000e+00 -2.17580830e-13  0.00000000e+00
  0.00000000e+00  0.00000000e+00  0.00000000e+00  6.19709106e-06
 -5.85900277e-07  0.00000000e+00  0.00000000e+00]
[ 0.00000000e+00  0.00000000e+00 -2.35890918e-13  0.00000000e+00
  0.00000000e+00 -2.86619100e-16  0.00000000e+00  1.35798641e-05
  0.00000000e+00  0.00000000e+00  0.00000000e+00]
[ 0.00000000e+00  0.00000000e+00  0.00000000e+00  0.00000000e+00
 -1.71950102e-10  0.00000000e+00  0.00000000e+00  3.00745303e-06
  0.00000000e+00  0.00000000e+00  0.00000000e+00]
[ 0.00000000e+00 -1.47472390e-12  0.00000000e+00  4.39770488e-11
  0.00000000e+00  0.00000000e+00  0.00000000e+00  0.00000000e+00
  0.00000000e+00  0.00000000e+00  0.00000000e+00]
[ 0.00000000e+00 -1.51410063e-12  0.00000000e+00  0.00000000e+00
 -1.82558893e-10  0.00000000e+00  5.97412995e-17  2.22329422e-05
  0.00000000e+00  0.00000000e+00  0.00000000e+00]
[ 0.00000000e+00 -1.40290854e-12 -2.22256682e-13  0.00000000e+00
  0.00000000e+00  0.00000000e+00  0.00000000e+00  0.00000000e+00
 -3.17000628e-07  0.00000000e+00  0.00000000e+00]
[ 0.00000000e+00  0.00000000e+00  0.00000000e+00  0.00000000e+00
 -1.83586102e-10  0.00000000e+00  0.00000000e+00  0.00000000e+00
  0.00000000e+00 -1.22826452e-08  0.00000000e+00]
[ 0.00000000e+00 -1.41145732e-12 -2.33764661e-13  0.00000000e+00
  0.00000000e+00  0.00000000e+00  0.00000000e+00  0.00000000e+00
  0.00000000e+00 -3.08890970e-09  0.00000000e+00]
[ 0.00000000e+00  0.00000000e+00  0.00000000e+00  4.53334540e-11
  0.00000000e+00 -7.96667335e-16  6.39069987e-16  0.00000000e+00
 -1.40641894e-06  0.00000000e+00  0.00000000e+00]
[ 0.00000000e+00 -1.42779594e-12 -2.21757876e-13  0.00000000e+00
  0.00000000e+00  0.00000000e+00  8.47141156e-16  0.00000000e+00
 -9.71943479e-07  0.00000000e+00  0.00000000e+00]
[ 0.00000000e+00 -1.40758492e-12  0.00000000e+00  0.00000000e+00
  0.00000000e+00  0.00000000e+00  6.88155312e-16  0.00000000e+00
  0.00000000e+00  0.00000000e+00  6.59104839e-10]
[ 0.00000000e+00  0.00000000e+00  0.00000000e+00  4.59047673e-11
 -1.73729087e-10  0.00000000e+00  0.00000000e+00  0.00000000e+00
  0.00000000e+00 -1.58105494e-08  0.00000000e+00]

AFTER SELECTION: 
[ 0.00000000e+00  0.00000000e+00  0.00000000e+00  0.00000000e+00
  0.00000000e+00 -1.02293903e-16  0.00000000e+00  0.00000000e+00
 -1.74201873e-06 -1.08103659e-08  5.95851458e-11]
[ 0.00000000e+00 -1.40758492e-12  0.00000000e+00  0.00000000e+00
  0.00000000e+00  0.00000000e+00  6.88155312e-16  0.00000000e+00
  0.00000000e+00  0.00000000e+00  6.59104839e-10]
[ 0.00000000e+00  0.00000000e+00  0.00000000e+00  4.53334540e-11
  0.00000000e+00 -7.96667335e-16  6.39069987e-16  0.00000000e+00
 -1.40641894e-06  0.00000000e+00  0.00000000e+00]
[ 0.00000000e+00 -1.42779594e-12 -2.21757876e-13  0.00000000e+00
  0.00000000e+00  0.00000000e+00  8.47141156e-16  0.00000000e+00
 -9.71943479e-07  0.00000000e+00  0.00000000e+00]
[ 0.00000000e+00  0.00000000e+00  0.00000000e+00  4.59047673e-11
 -1.73729087e-10  0.00000000e+00  0.00000000e+00  0.00000000e+00
  0.00000000e+00 -1.58105494e-08  0.00000000e+00]
[ 0.00000000e+00 -1.51410063e-12  0.00000000e+00  0.00000000e+00
 -1.82558893e-10  0.00000000e+00  5.97412995e-17  2.22329422e-05
  0.00000000e+00  0.00000000e+00  0.00000000e+00]
[ 0.00000000e+00 -1.44695921e-12  0.00000000e+00  0.00000000e+00
  0.00000000e+00  0.00000000e+00  0.00000000e+00  2.07201081e-05
  0.00000000e+00  0.00000000e+00  0.00000000e+00]
[ 0.00000000e+00  0.00000000e+00  0.00000000e+00  0.00000000e+00
 -1.83586102e-10  0.00000000e+00  0.00000000e+00  0.00000000e+00
  0.00000000e+00 -1.22826452e-08  0.00000000e+00]
[ 0.00000000e+00  0.00000000e+00 -2.35890918e-13  0.00000000e+00
  0.00000000e+00 -2.86619100e-16  0.00000000e+00  1.35798641e-05
  0.00000000e+00  0.00000000e+00  0.00000000e+00]
[ 0.00000000e+00  0.00000000e+00 -2.17580830e-13  0.00000000e+00
  0.00000000e+00  0.00000000e+00  0.00000000e+00  6.19709106e-06
 -5.85900277e-07  0.00000000e+00  0.00000000e+00]
[0.00000000e+00 0.00000000e+00 0.00000000e+00 4.58753758e-11
 0.00000000e+00 0.00000000e+00 0.00000000e+00 7.89712046e-06
 0.00000000e+00 0.00000000e+00 0.00000000e+00]
[ 0.00000000e+00 -1.47162537e-12  0.00000000e+00  4.47110304e-11
  0.00000000e+00  0.00000000e+00  7.59843238e-16  3.50875167e-06
  0.00000000e+00  0.00000000e+00  0.00000000e+00]
[ 0.00000000e+00  0.00000000e+00  0.00000000e+00  0.00000000e+00
 -1.83715581e-10 -9.03084795e-16  0.00000000e+00  4.87650341e-06
  0.00000000e+00  0.00000000e+00  0.00000000e+00]
[ 0.00000000e+00  0.00000000e+00  0.00000000e+00  0.00000000e+00
 -1.71950102e-10  0.00000000e+00  0.00000000e+00  3.00745303e-06
  0.00000000e+00  0.00000000e+00  0.00000000e+00]
[ 0.00000000e+00 -1.40290854e-12 -2.22256682e-13  0.00000000e+00
  0.00000000e+00  0.00000000e+00  0.00000000e+00  0.00000000e+00
 -3.17000628e-07  0.00000000e+00  0.00000000e+00]
[ 0.00000000e+00 -1.47472390e-12  0.00000000e+00  4.39770488e-11
  0.00000000e+00  0.00000000e+00  0.00000000e+00  0.00000000e+00
  0.00000000e+00  0.00000000e+00  0.00000000e+00]
[ 0.00000000e+00  0.00000000e+00  0.00000000e+00  0.00000000e+00
  0.00000000e+00 -2.68271409e-16  0.00000000e+00  0.00000000e+00
  0.00000000e+00  0.00000000e+00  0.00000000e+00]
[ 0.00000000e+00 -1.41145732e-12 -2.33764661e-13  0.00000000e+00
  0.00000000e+00  0.00000000e+00  0.00000000e+00  0.00000000e+00
  0.00000000e+00 -3.08890970e-09  0.00000000e+00]

AFTER CROSSOVER: 
[ 0.00000000e+00 -9.99879831e-14  0.00000000e+00  0.00000000e+00
  0.00000000e+00 -9.50274422e-17  4.88832048e-17  0.00000000e+00
 -1.61827419e-06 -1.00424501e-08  1.02172107e-10]
[ 0.00000000e+00 -1.30759693e-12  0.00000000e+00  0.00000000e+00
  0.00000000e+00 -7.26646113e-18  6.39272107e-16  0.00000000e+00
 -1.23744534e-07 -7.67915789e-10  6.16517877e-10]
[ 0.00000000e+00 -1.27355314e-14 -1.97801683e-15  4.49290925e-11
  0.00000000e+00 -7.89561290e-16  6.40925923e-16  0.00000000e+00
 -1.40254354e-06  0.00000000e+00  0.00000000e+00]
[ 0.00000000e+00 -1.41506041e-12 -2.19779859e-13  4.04361446e-13
  0.00000000e+00 -7.10604481e-18  8.45285221e-16  0.00000000e+00
 -9.75818876e-07  0.00000000e+00  0.00000000e+00]
[ 0.00000000e+00 -5.67601664e-14  0.00000000e+00  4.41839027e-11
 -1.74060096e-10  0.00000000e+00  2.23956455e-18  8.33462105e-07
  0.00000000e+00 -1.52178481e-08  0.00000000e+00]
[ 0.00000000e+00 -1.45734047e-12  0.00000000e+00  1.72086463e-12
 -1.82227884e-10  0.00000000e+00  5.75017349e-17  2.13994801e-05
  0.00000000e+00 -5.92701299e-10  0.00000000e+00]
[ 0.00000000e+00 -1.35924619e-12  0.00000000e+00  0.00000000e+00
 -1.11287806e-11  0.00000000e+00  0.00000000e+00  1.94640787e-05
  0.00000000e+00 -7.44559969e-10  0.00000000e+00]
[ 0.00000000e+00 -8.77130206e-14  0.00000000e+00  0.00000000e+00
 -1.72457322e-10  0.00000000e+00  0.00000000e+00  1.25602937e-06
  0.00000000e+00 -1.15380852e-08  0.00000000e+00]
[ 0.00000000e+00  0.00000000e+00 -2.36039791e-13  0.00000000e+00
  0.00000000e+00 -2.88949499e-16  0.00000000e+00  1.36398908e-05
  4.76374795e-09  0.00000000e+00  0.00000000e+00]
[ 0.00000000e+00  0.00000000e+00 -2.17431957e-13  0.00000000e+00
  0.00000000e+00  2.33039854e-18  0.00000000e+00  6.13706434e-06
 -5.90664025e-07  0.00000000e+00  0.00000000e+00]
[ 0.00000000e+00  8.68687252e-14  0.00000000e+00  4.59441060e-11
  0.00000000e+00  0.00000000e+00 -4.48528645e-17  8.15616193e-06
  0.00000000e+00  0.00000000e+00  0.00000000e+00]
[ 0.00000000e+00 -1.55849410e-12  0.00000000e+00  4.46423001e-11
  0.00000000e+00  0.00000000e+00  8.04696103e-16  3.24971020e-06
  0.00000000e+00  0.00000000e+00  0.00000000e+00]
[ 0.00000000e+00  0.00000000e+00  0.00000000e+00  0.00000000e+00
 -1.83791007e-10 -9.08874294e-16  0.00000000e+00  4.88848553e-06
  0.00000000e+00  0.00000000e+00  0.00000000e+00]
[ 0.00000000e+00  0.00000000e+00  0.00000000e+00  0.00000000e+00
 -1.71874676e-10  5.78949903e-18  0.00000000e+00  2.99547092e-06
  0.00000000e+00  0.00000000e+00  0.00000000e+00]
[ 0.00000000e+00 -1.40936146e-12 -2.02285973e-13  3.95152508e-12
  0.00000000e+00  0.00000000e+00  0.00000000e+00  0.00000000e+00
 -2.88516771e-07  0.00000000e+00  0.00000000e+00]
[ 0.00000000e+00 -1.46827099e-12 -1.99707092e-14  4.00255237e-11
  0.00000000e+00  0.00000000e+00  0.00000000e+00  0.00000000e+00
 -2.84838561e-08  0.00000000e+00  0.00000000e+00]
[ 0.00000000e+00 -4.09077325e-14 -6.77511254e-15  0.00000000e+00
  0.00000000e+00 -2.60496200e-16  0.00000000e+00  0.00000000e+00
  0.00000000e+00 -8.95246989e-11  0.00000000e+00]
[ 0.00000000e+00 -1.37054959e-12 -2.26989548e-13  0.00000000e+00
  0.00000000e+00 -7.77520853e-18  0.00000000e+00  0.00000000e+00
  0.00000000e+00 -2.99938500e-09  0.00000000e+00]

AFTER MUTATION: 
[ 0.00000000e+00 -9.99879831e-14  0.00000000e+00  0.00000000e+00
  0.00000000e+00 -9.50274422e-17  4.71007606e-17  0.00000000e+00
 -1.55926654e-06 -1.00424501e-08  1.02172107e-10]
[ 0.00000000e+00 -1.30759693e-12  0.00000000e+00  0.00000000e+00
  0.00000000e+00 -7.26646113e-18  6.39272107e-16  0.00000000e+00
 -1.22752856e-07 -7.67915789e-10  6.16517877e-10]
[ 0.00000000e+00 -1.27355314e-14 -2.15113453e-15  4.49290925e-11
  0.00000000e+00 -7.89561290e-16  6.40925923e-16  0.00000000e+00
 -1.40254354e-06  0.00000000e+00  0.00000000e+00]
[ 0.00000000e+00 -1.41506041e-12 -1.98776560e-13  4.04361446e-13
  0.00000000e+00 -7.10604481e-18  8.45285221e-16  0.00000000e+00
 -8.82564581e-07  0.00000000e+00  0.00000000e+00]
[ 0.00000000e+00 -5.92188602e-14  0.00000000e+00  4.41839027e-11
 -1.74060096e-10  0.00000000e+00  2.23956455e-18  8.33462105e-07
  0.00000000e+00 -1.52178481e-08  0.00000000e+00]
[ 0.00000000e+00 -1.42223617e-12  0.00000000e+00  1.67941258e-12
 -1.77838393e-10  0.00000000e+00  5.75017349e-17  2.13994801e-05
  0.00000000e+00 -5.92701299e-10  0.00000000e+00]
[ 0.00000000e+00 -1.35924619e-12  0.00000000e+00  0.00000000e+00
 -1.11287806e-11  0.00000000e+00  0.00000000e+00  1.94640787e-05
  0.00000000e+00 -7.44559969e-10  0.00000000e+00]
[ 0.00000000e+00 -8.77130206e-14  0.00000000e+00  0.00000000e+00
 -1.72457322e-10  0.00000000e+00  0.00000000e+00  1.25602937e-06
  0.00000000e+00 -1.20214149e-08  0.00000000e+00]
[ 0.00000000e+00  0.00000000e+00 -2.36039791e-13  0.00000000e+00
  0.00000000e+00 -3.12371113e-16  0.00000000e+00  1.36398908e-05
  5.14988693e-09  0.00000000e+00  0.00000000e+00]
[ 0.00000000e+00  0.00000000e+00 -2.00851113e-13  0.00000000e+00
  0.00000000e+00  2.15268788e-18  0.00000000e+00  5.66906640e-06
 -5.90664025e-07  0.00000000e+00  0.00000000e+00]
[ 0.00000000e+00  8.68687252e-14  0.00000000e+00  4.27407359e-11
  0.00000000e+00  0.00000000e+00 -4.17255792e-17  8.15616193e-06
  0.00000000e+00  0.00000000e+00  0.00000000e+00]
[ 0.00000000e+00 -1.55849410e-12  0.00000000e+00  4.46423001e-11
  0.00000000e+00  0.00000000e+00  8.04696103e-16  3.00370227e-06
  0.00000000e+00  0.00000000e+00  0.00000000e+00]
[ 0.00000000e+00  0.00000000e+00  0.00000000e+00  0.00000000e+00
 -1.83791007e-10 -9.08874294e-16  0.00000000e+00  4.88848553e-06
  0.00000000e+00  0.00000000e+00  0.00000000e+00]
[ 0.00000000e+00  0.00000000e+00  0.00000000e+00  0.00000000e+00
 -1.86980030e-10  5.78949903e-18  0.00000000e+00  2.99547092e-06
  0.00000000e+00  0.00000000e+00  0.00000000e+00]
[ 0.00000000e+00 -1.35745508e-12 -2.02285973e-13  3.95152508e-12
  0.00000000e+00  0.00000000e+00  0.00000000e+00  0.00000000e+00
 -2.77890783e-07  0.00000000e+00  0.00000000e+00]
[ 0.00000000e+00 -1.46827099e-12 -1.92159646e-14  4.00255237e-11
  0.00000000e+00  0.00000000e+00  0.00000000e+00  0.00000000e+00
 -2.84838561e-08  0.00000000e+00  0.00000000e+00]
[ 0.00000000e+00 -4.41566634e-14 -6.77511254e-15  0.00000000e+00
  0.00000000e+00 -2.60496200e-16  0.00000000e+00  0.00000000e+00
  0.00000000e+00 -8.95246989e-11  0.00000000e+00]
[ 0.00000000e+00 -1.27345050e-12 -2.26989548e-13  0.00000000e+00
  0.00000000e+00 -7.77520853e-18  0.00000000e+00  0.00000000e+00
  0.00000000e+00 -2.78688809e-09  0.00000000e+00]
====================================================
GENERATION:  2

INITIAL POPULATION: 
[ 0.00000000e+00 -9.99879831e-14  0.00000000e+00  0.00000000e+00
  0.00000000e+00 -9.50274422e-17  4.71007606e-17  0.00000000e+00
 -1.55926654e-06 -1.00424501e-08  1.02172107e-10]
[ 0.00000000e+00 -1.30759693e-12  0.00000000e+00  0.00000000e+00
  0.00000000e+00 -7.26646113e-18  6.39272107e-16  0.00000000e+00
 -1.22752856e-07 -7.67915789e-10  6.16517877e-10]
[ 0.00000000e+00 -1.27355314e-14 -2.15113453e-15  4.49290925e-11
  0.00000000e+00 -7.89561290e-16  6.40925923e-16  0.00000000e+00
 -1.40254354e-06  0.00000000e+00  0.00000000e+00]
[ 0.00000000e+00 -1.41506041e-12 -1.98776560e-13  4.04361446e-13
  0.00000000e+00 -7.10604481e-18  8.45285221e-16  0.00000000e+00
 -8.82564581e-07  0.00000000e+00  0.00000000e+00]
[ 0.00000000e+00 -5.92188602e-14  0.00000000e+00  4.41839027e-11
 -1.74060096e-10  0.00000000e+00  2.23956455e-18  8.33462105e-07
  0.00000000e+00 -1.52178481e-08  0.00000000e+00]
[ 0.00000000e+00 -1.42223617e-12  0.00000000e+00  1.67941258e-12
 -1.77838393e-10  0.00000000e+00  5.75017349e-17  2.13994801e-05
  0.00000000e+00 -5.92701299e-10  0.00000000e+00]
[ 0.00000000e+00 -1.35924619e-12  0.00000000e+00  0.00000000e+00
 -1.11287806e-11  0.00000000e+00  0.00000000e+00  1.94640787e-05
  0.00000000e+00 -7.44559969e-10  0.00000000e+00]
[ 0.00000000e+00 -8.77130206e-14  0.00000000e+00  0.00000000e+00
 -1.72457322e-10  0.00000000e+00  0.00000000e+00  1.25602937e-06
  0.00000000e+00 -1.20214149e-08  0.00000000e+00]
[ 0.00000000e+00  0.00000000e+00 -2.36039791e-13  0.00000000e+00
  0.00000000e+00 -3.12371113e-16  0.00000000e+00  1.36398908e-05
  5.14988693e-09  0.00000000e+00  0.00000000e+00]
[ 0.00000000e+00  0.00000000e+00 -2.00851113e-13  0.00000000e+00
  0.00000000e+00  2.15268788e-18  0.00000000e+00  5.66906640e-06
 -5.90664025e-07  0.00000000e+00  0.00000000e+00]
[ 0.00000000e+00  8.68687252e-14  0.00000000e+00  4.27407359e-11
  0.00000000e+00  0.00000000e+00 -4.17255792e-17  8.15616193e-06
  0.00000000e+00  0.00000000e+00  0.00000000e+00]
[ 0.00000000e+00 -1.55849410e-12  0.00000000e+00  4.46423001e-11
  0.00000000e+00  0.00000000e+00  8.04696103e-16  3.00370227e-06
  0.00000000e+00  0.00000000e+00  0.00000000e+00]
[ 0.00000000e+00  0.00000000e+00  0.00000000e+00  0.00000000e+00
 -1.83791007e-10 -9.08874294e-16  0.00000000e+00  4.88848553e-06
  0.00000000e+00  0.00000000e+00  0.00000000e+00]
[ 0.00000000e+00  0.00000000e+00  0.00000000e+00  0.00000000e+00
 -1.86980030e-10  5.78949903e-18  0.00000000e+00  2.99547092e-06
  0.00000000e+00  0.00000000e+00  0.00000000e+00]
[ 0.00000000e+00 -1.35745508e-12 -2.02285973e-13  3.95152508e-12
  0.00000000e+00  0.00000000e+00  0.00000000e+00  0.00000000e+00
 -2.77890783e-07  0.00000000e+00  0.00000000e+00]
[ 0.00000000e+00 -1.46827099e-12 -1.92159646e-14  4.00255237e-11
  0.00000000e+00  0.00000000e+00  0.00000000e+00  0.00000000e+00
 -2.84838561e-08  0.00000000e+00  0.00000000e+00]
[ 0.00000000e+00 -4.41566634e-14 -6.77511254e-15  0.00000000e+00
  0.00000000e+00 -2.60496200e-16  0.00000000e+00  0.00000000e+00
  0.00000000e+00 -8.95246989e-11  0.00000000e+00]
[ 0.00000000e+00 -1.27345050e-12 -2.26989548e-13  0.00000000e+00
  0.00000000e+00 -7.77520853e-18  0.00000000e+00  0.00000000e+00
  0.00000000e+00 -2.78688809e-09  0.00000000e+00]

AFTER SELECTION: 
[ 0.00000000e+00  8.68687252e-14  0.00000000e+00  4.27407359e-11
  0.00000000e+00  0.00000000e+00 -4.17255792e-17  8.15616193e-06
  0.00000000e+00  0.00000000e+00  0.00000000e+00]
[0.00000000e+00 0.00000000e+00 0.00000000e+00 4.58753758e-11
 0.00000000e+00 0.00000000e+00 0.00000000e+00 7.89712046e-06
 0.00000000e+00 0.00000000e+00 0.00000000e+00]
[ 0.00000000e+00 -1.47162537e-12  0.00000000e+00  4.47110304e-11
  0.00000000e+00  0.00000000e+00  7.59843238e-16  3.50875167e-06
  0.00000000e+00  0.00000000e+00  0.00000000e+00]
[ 0.00000000e+00  0.00000000e+00  0.00000000e+00  0.00000000e+00
 -1.83791007e-10 -9.08874294e-16  0.00000000e+00  4.88848553e-06
  0.00000000e+00  0.00000000e+00  0.00000000e+00]
[ 0.00000000e+00  0.00000000e+00  0.00000000e+00  0.00000000e+00
 -1.83715581e-10 -9.03084795e-16  0.00000000e+00  4.87650341e-06
  0.00000000e+00  0.00000000e+00  0.00000000e+00]
[ 0.00000000e+00  0.00000000e+00  0.00000000e+00  0.00000000e+00
 -1.71950102e-10  0.00000000e+00  0.00000000e+00  3.00745303e-06
  0.00000000e+00  0.00000000e+00  0.00000000e+00]
[ 0.00000000e+00  0.00000000e+00  0.00000000e+00  0.00000000e+00
 -1.86980030e-10  5.78949903e-18  0.00000000e+00  2.99547092e-06
  0.00000000e+00  0.00000000e+00  0.00000000e+00]
[ 0.00000000e+00 -1.55849410e-12  0.00000000e+00  4.46423001e-11
  0.00000000e+00  0.00000000e+00  8.04696103e-16  3.00370227e-06
  0.00000000e+00  0.00000000e+00  0.00000000e+00]
[ 0.00000000e+00 -1.40290854e-12 -2.22256682e-13  0.00000000e+00
  0.00000000e+00  0.00000000e+00  0.00000000e+00  0.00000000e+00
 -3.17000628e-07  0.00000000e+00  0.00000000e+00]
[ 0.00000000e+00 -1.35745508e-12 -2.02285973e-13  3.95152508e-12
  0.00000000e+00  0.00000000e+00  0.00000000e+00  0.00000000e+00
 -2.77890783e-07  0.00000000e+00  0.00000000e+00]
[ 0.00000000e+00 -1.47472390e-12  0.00000000e+00  4.39770488e-11
  0.00000000e+00  0.00000000e+00  0.00000000e+00  0.00000000e+00
  0.00000000e+00  0.00000000e+00  0.00000000e+00]
[ 0.00000000e+00  0.00000000e+00  0.00000000e+00  0.00000000e+00
  0.00000000e+00 -2.68271409e-16  0.00000000e+00  0.00000000e+00
  0.00000000e+00  0.00000000e+00  0.00000000e+00]
[ 0.00000000e+00 -4.41566634e-14 -6.77511254e-15  0.00000000e+00
  0.00000000e+00 -2.60496200e-16  0.00000000e+00  0.00000000e+00
  0.00000000e+00 -8.95246989e-11  0.00000000e+00]
[ 0.00000000e+00 -1.46827099e-12 -1.92159646e-14  4.00255237e-11
  0.00000000e+00  0.00000000e+00  0.00000000e+00  0.00000000e+00
 -2.84838561e-08  0.00000000e+00  0.00000000e+00]
[ 0.00000000e+00 -1.41145732e-12 -2.33764661e-13  0.00000000e+00
  0.00000000e+00  0.00000000e+00  0.00000000e+00  0.00000000e+00
  0.00000000e+00 -3.08890970e-09  0.00000000e+00]
[ 0.00000000e+00 -1.27345050e-12 -2.26989548e-13  0.00000000e+00
  0.00000000e+00 -7.77520853e-18  0.00000000e+00  0.00000000e+00
  0.00000000e+00 -2.78688809e-09  0.00000000e+00]

AFTER CROSSOVER: 
[ 0.00000000e+00  8.19836116e-14  0.00000000e+00  4.29170142e-11
  0.00000000e+00  0.00000000e+00 -3.93791169e-17  8.14159459e-06
  0.00000000e+00  0.00000000e+00  0.00000000e+00]
[ 0.00000000e+00  4.88511359e-15  0.00000000e+00  4.56990975e-11
  0.00000000e+00  0.00000000e+00 -2.34646236e-18  7.91168781e-06
  0.00000000e+00  0.00000000e+00  0.00000000e+00]
[ 0.00000000e+00 -1.23503786e-12  0.00000000e+00  3.75230111e-11
 -2.95473687e-11 -1.46116202e-16  6.37686183e-16  3.73056614e-06
  0.00000000e+00  0.00000000e+00  0.00000000e+00]
[ 0.00000000e+00 -2.36587514e-13  0.00000000e+00  7.18801926e-12
 -1.54243638e-10 -7.62758092e-16  1.22157056e-16  4.66667106e-06
  0.00000000e+00  0.00000000e+00  0.00000000e+00]
[ 0.00000000e+00  0.00000000e+00  0.00000000e+00  0.00000000e+00
 -1.81492564e-10 -7.32452339e-16  0.00000000e+00  4.52335755e-06
  0.00000000e+00  0.00000000e+00  0.00000000e+00]
[ 0.00000000e+00  0.00000000e+00  0.00000000e+00  0.00000000e+00
 -1.74173119e-10 -1.70632456e-16  0.00000000e+00  3.36059889e-06
  0.00000000e+00  0.00000000e+00  0.00000000e+00]
[ 0.00000000e+00 -3.17709866e-14  0.00000000e+00  9.10064350e-13
 -1.83168312e-10  5.67147607e-18  1.64042900e-17  2.99563872e-06
  0.00000000e+00  0.00000000e+00  0.00000000e+00]
[ 0.00000000e+00 -1.52672311e-12  0.00000000e+00  4.37322358e-11
 -3.81171800e-12  1.18022966e-19  7.88291813e-16  3.00353446e-06
  0.00000000e+00  0.00000000e+00  0.00000000e+00]
[ 0.00000000e+00 -1.41719478e-12 -2.28533574e-13 -1.24198374e-12
  0.00000000e+00  0.00000000e+00  0.00000000e+00  0.00000000e+00
 -3.29293044e-07  0.00000000e+00  0.00000000e+00]
[ 0.00000000e+00 -1.34316884e-12 -1.96009081e-13  5.19350882e-12
  0.00000000e+00  0.00000000e+00  0.00000000e+00  0.00000000e+00
 -2.65598367e-07  0.00000000e+00  0.00000000e+00]
[ 0.00000000e+00 -1.47974534e-12  0.00000000e+00  4.41267909e-11
  0.00000000e+00  9.13465366e-19  0.00000000e+00  0.00000000e+00
  0.00000000e+00  0.00000000e+00  0.00000000e+00]
[ 0.00000000e+00  5.02144159e-15  0.00000000e+00 -1.49742051e-13
  0.00000000e+00 -2.69184874e-16  0.00000000e+00  0.00000000e+00
  0.00000000e+00  0.00000000e+00  0.00000000e+00]
[ 0.00000000e+00 -2.04377353e-13 -8.17477678e-15  4.50309144e-12
  0.00000000e+00 -2.31188946e-16  0.00000000e+00  0.00000000e+00
 -3.20459038e-09 -7.94526781e-11  0.00000000e+00]
[ 0.00000000e+00 -1.30805030e-12 -1.78163004e-14  3.55224323e-11
  0.00000000e+00 -2.93072544e-17  0.00000000e+00  0.00000000e+00
 -2.52792657e-08 -1.00720207e-11  0.00000000e+00]
[ 0.00000000e+00 -1.41665694e-12 -2.34019923e-13  0.00000000e+00
  0.00000000e+00  2.92942797e-19  0.00000000e+00  0.00000000e+00
  0.00000000e+00 -3.10028883e-09  0.00000000e+00]
[ 0.00000000e+00 -1.26825088e-12 -2.26734286e-13  0.00000000e+00
  0.00000000e+00 -8.06815133e-18  0.00000000e+00  0.00000000e+00
  0.00000000e+00 -2.77550896e-09  0.00000000e+00]

AFTER MUTATION: 
[ 0.00000000e+00  8.19836116e-14  0.00000000e+00  4.40959760e-11
  0.00000000e+00  0.00000000e+00 -3.93791169e-17  8.14159459e-06
  0.00000000e+00  0.00000000e+00  0.00000000e+00]
[ 0.00000000e+00  4.88511359e-15  0.00000000e+00  4.56990975e-11
  0.00000000e+00  0.00000000e+00 -2.34646236e-18  7.91168781e-06
  0.00000000e+00  0.00000000e+00  0.00000000e+00]
[ 0.00000000e+00 -1.23503786e-12  0.00000000e+00  3.75230111e-11
 -2.95473687e-11 -1.46116202e-16  6.37686183e-16  3.73056614e-06
  0.00000000e+00  0.00000000e+00  0.00000000e+00]
[ 0.00000000e+00 -2.36587514e-13  0.00000000e+00  7.18801926e-12
 -1.54243638e-10 -7.62758092e-16  1.22157056e-16  4.66667106e-06
  0.00000000e+00  0.00000000e+00  0.00000000e+00]
[ 0.00000000e+00  0.00000000e+00  0.00000000e+00  0.00000000e+00
 -1.87448143e-10 -7.32452339e-16  0.00000000e+00  4.52335755e-06
  0.00000000e+00  0.00000000e+00  0.00000000e+00]
[ 0.00000000e+00  0.00000000e+00  0.00000000e+00  0.00000000e+00
 -1.74173119e-10 -1.70632456e-16  0.00000000e+00  3.36059889e-06
  0.00000000e+00  0.00000000e+00  0.00000000e+00]
[ 0.00000000e+00 -3.19251996e-14  0.00000000e+00  9.10064350e-13
 -1.83168312e-10  5.69900481e-18  1.64839146e-17  3.01017923e-06
  0.00000000e+00  0.00000000e+00  0.00000000e+00]
[ 0.00000000e+00 -1.49650232e-12  0.00000000e+00  4.37322358e-11
 -3.73626676e-12  1.18022966e-19  7.88291813e-16  3.00353446e-06
  0.00000000e+00  0.00000000e+00  0.00000000e+00]
[ 0.00000000e+00 -1.41719478e-12 -2.28533574e-13 -1.24198374e-12
  0.00000000e+00  0.00000000e+00  0.00000000e+00  0.00000000e+00
 -3.29293044e-07  0.00000000e+00  0.00000000e+00]
[ 0.00000000e+00 -1.40502016e-12 -1.96009081e-13  5.43266369e-12
  0.00000000e+00  0.00000000e+00  0.00000000e+00  0.00000000e+00
 -2.65598367e-07  0.00000000e+00  0.00000000e+00]
[ 0.00000000e+00 -1.43187444e-12  0.00000000e+00  4.41267909e-11
  0.00000000e+00  9.13465366e-19  0.00000000e+00  0.00000000e+00
  0.00000000e+00  0.00000000e+00  0.00000000e+00]
[ 0.00000000e+00  5.02144159e-15  0.00000000e+00 -1.49742051e-13
  0.00000000e+00 -2.51418707e-16  0.00000000e+00  0.00000000e+00
  0.00000000e+00  0.00000000e+00  0.00000000e+00]
[ 0.00000000e+00 -2.04377353e-13 -8.17477678e-15  4.50309144e-12
  0.00000000e+00 -2.31188946e-16  0.00000000e+00  0.00000000e+00
 -3.20459038e-09 -7.94526781e-11  0.00000000e+00]
[ 0.00000000e+00 -1.30805030e-12 -1.78163004e-14  3.55224323e-11
  0.00000000e+00 -2.93521359e-17  0.00000000e+00  0.00000000e+00
 -2.53179787e-08 -1.00874452e-11  0.00000000e+00]
[ 0.00000000e+00 -1.41665694e-12 -2.34019923e-13  0.00000000e+00
  0.00000000e+00  2.92942797e-19  0.00000000e+00  0.00000000e+00
  0.00000000e+00 -3.21821429e-09  0.00000000e+00]
[ 0.00000000e+00 -1.26825088e-12 -2.26734286e-13  0.00000000e+00
  0.00000000e+00 -8.06815133e-18  0.00000000e+00  0.00000000e+00
  0.00000000e+00 -2.52538077e-09  0.00000000e+00]
====================================================
GENERATION:  3

INITIAL POPULATION: 
[ 0.00000000e+00  8.19836116e-14  0.00000000e+00  4.40959760e-11
  0.00000000e+00  0.00000000e+00 -3.93791169e-17  8.14159459e-06
  0.00000000e+00  0.00000000e+00  0.00000000e+00]
[ 0.00000000e+00  4.88511359e-15  0.00000000e+00  4.56990975e-11
  0.00000000e+00  0.00000000e+00 -2.34646236e-18  7.91168781e-06
  0.00000000e+00  0.00000000e+00  0.00000000e+00]
[ 0.00000000e+00 -1.23503786e-12  0.00000000e+00  3.75230111e-11
 -2.95473687e-11 -1.46116202e-16  6.37686183e-16  3.73056614e-06
  0.00000000e+00  0.00000000e+00  0.00000000e+00]
[ 0.00000000e+00 -2.36587514e-13  0.00000000e+00  7.18801926e-12
 -1.54243638e-10 -7.62758092e-16  1.22157056e-16  4.66667106e-06
  0.00000000e+00  0.00000000e+00  0.00000000e+00]
[ 0.00000000e+00  0.00000000e+00  0.00000000e+00  0.00000000e+00
 -1.87448143e-10 -7.32452339e-16  0.00000000e+00  4.52335755e-06
  0.00000000e+00  0.00000000e+00  0.00000000e+00]
[ 0.00000000e+00  0.00000000e+00  0.00000000e+00  0.00000000e+00
 -1.74173119e-10 -1.70632456e-16  0.00000000e+00  3.36059889e-06
  0.00000000e+00  0.00000000e+00  0.00000000e+00]
[ 0.00000000e+00 -3.19251996e-14  0.00000000e+00  9.10064350e-13
 -1.83168312e-10  5.69900481e-18  1.64839146e-17  3.01017923e-06
  0.00000000e+00  0.00000000e+00  0.00000000e+00]
[ 0.00000000e+00 -1.49650232e-12  0.00000000e+00  4.37322358e-11
 -3.73626676e-12  1.18022966e-19  7.88291813e-16  3.00353446e-06
  0.00000000e+00  0.00000000e+00  0.00000000e+00]
[ 0.00000000e+00 -1.41719478e-12 -2.28533574e-13 -1.24198374e-12
  0.00000000e+00  0.00000000e+00  0.00000000e+00  0.00000000e+00
 -3.29293044e-07  0.00000000e+00  0.00000000e+00]
[ 0.00000000e+00 -1.40502016e-12 -1.96009081e-13  5.43266369e-12
  0.00000000e+00  0.00000000e+00  0.00000000e+00  0.00000000e+00
 -2.65598367e-07  0.00000000e+00  0.00000000e+00]
[ 0.00000000e+00 -1.43187444e-12  0.00000000e+00  4.41267909e-11
  0.00000000e+00  9.13465366e-19  0.00000000e+00  0.00000000e+00
  0.00000000e+00  0.00000000e+00  0.00000000e+00]
[ 0.00000000e+00  5.02144159e-15  0.00000000e+00 -1.49742051e-13
  0.00000000e+00 -2.51418707e-16  0.00000000e+00  0.00000000e+00
  0.00000000e+00  0.00000000e+00  0.00000000e+00]
[ 0.00000000e+00 -2.04377353e-13 -8.17477678e-15  4.50309144e-12
  0.00000000e+00 -2.31188946e-16  0.00000000e+00  0.00000000e+00
 -3.20459038e-09 -7.94526781e-11  0.00000000e+00]
[ 0.00000000e+00 -1.30805030e-12 -1.78163004e-14  3.55224323e-11
  0.00000000e+00 -2.93521359e-17  0.00000000e+00  0.00000000e+00
 -2.53179787e-08 -1.00874452e-11  0.00000000e+00]
[ 0.00000000e+00 -1.41665694e-12 -2.34019923e-13  0.00000000e+00
  0.00000000e+00  2.92942797e-19  0.00000000e+00  0.00000000e+00
  0.00000000e+00 -3.21821429e-09  0.00000000e+00]
[ 0.00000000e+00 -1.26825088e-12 -2.26734286e-13  0.00000000e+00
  0.00000000e+00 -8.06815133e-18  0.00000000e+00  0.00000000e+00
  0.00000000e+00 -2.52538077e-09  0.00000000e+00]

AFTER SELECTION: 
[ 0.00000000e+00 -1.35745508e-12 -2.02285973e-13  3.95152508e-12
  0.00000000e+00  0.00000000e+00  0.00000000e+00  0.00000000e+00
 -2.77890783e-07  0.00000000e+00  0.00000000e+00]
[ 0.00000000e+00 -1.43187444e-12  0.00000000e+00  4.41267909e-11
  0.00000000e+00  9.13465366e-19  0.00000000e+00  0.00000000e+00
  0.00000000e+00  0.00000000e+00  0.00000000e+00]
[ 0.00000000e+00 -1.47472390e-12  0.00000000e+00  4.39770488e-11
  0.00000000e+00  0.00000000e+00  0.00000000e+00  0.00000000e+00
  0.00000000e+00  0.00000000e+00  0.00000000e+00]
[ 0.00000000e+00 -1.40502016e-12 -1.96009081e-13  5.43266369e-12
  0.00000000e+00  0.00000000e+00  0.00000000e+00  0.00000000e+00
 -2.65598367e-07  0.00000000e+00  0.00000000e+00]
[ 0.00000000e+00  5.02144159e-15  0.00000000e+00 -1.49742051e-13
  0.00000000e+00 -2.51418707e-16  0.00000000e+00  0.00000000e+00
  0.00000000e+00  0.00000000e+00  0.00000000e+00]
[ 0.00000000e+00  0.00000000e+00  0.00000000e+00  0.00000000e+00
  0.00000000e+00 -2.68271409e-16  0.00000000e+00  0.00000000e+00
  0.00000000e+00  0.00000000e+00  0.00000000e+00]
[ 0.00000000e+00 -4.41566634e-14 -6.77511254e-15  0.00000000e+00
  0.00000000e+00 -2.60496200e-16  0.00000000e+00  0.00000000e+00
  0.00000000e+00 -8.95246989e-11  0.00000000e+00]
[ 0.00000000e+00 -2.04377353e-13 -8.17477678e-15  4.50309144e-12
  0.00000000e+00 -2.31188946e-16  0.00000000e+00  0.00000000e+00
 -3.20459038e-09 -7.94526781e-11  0.00000000e+00]
[ 0.00000000e+00 -1.30805030e-12 -1.78163004e-14  3.55224323e-11
  0.00000000e+00 -2.93521359e-17  0.00000000e+00  0.00000000e+00
 -2.53179787e-08 -1.00874452e-11  0.00000000e+00]
[ 0.00000000e+00 -1.46827099e-12 -1.92159646e-14  4.00255237e-11
  0.00000000e+00  0.00000000e+00  0.00000000e+00  0.00000000e+00
 -2.84838561e-08  0.00000000e+00  0.00000000e+00]
[ 0.00000000e+00 -1.41665694e-12 -2.34019923e-13  0.00000000e+00
  0.00000000e+00  2.92942797e-19  0.00000000e+00  0.00000000e+00
  0.00000000e+00 -3.21821429e-09  0.00000000e+00]
[ 0.00000000e+00 -1.41145732e-12 -2.33764661e-13  0.00000000e+00
  0.00000000e+00  0.00000000e+00  0.00000000e+00  0.00000000e+00
  0.00000000e+00 -3.08890970e-09  0.00000000e+00]
[ 0.00000000e+00 -1.27345050e-12 -2.26989548e-13  0.00000000e+00
  0.00000000e+00 -7.77520853e-18  0.00000000e+00  0.00000000e+00
  0.00000000e+00 -2.78688809e-09  0.00000000e+00]
[ 0.00000000e+00 -1.26825088e-12 -2.26734286e-13  0.00000000e+00
  0.00000000e+00 -8.06815133e-18  0.00000000e+00  0.00000000e+00
  0.00000000e+00 -2.52538077e-09  0.00000000e+00]

AFTER CROSSOVER: 
[ 0.00000000e+00 -1.34809651e-12 -2.27724354e-13 -1.10069730e-12
  0.00000000e+00 -1.14872424e-19  0.00000000e+00  0.00000000e+00
 -3.12836813e-07  0.00000000e+00  0.00000000e+00]
[ 0.00000000e+00 -1.44123301e-12  2.54383810e-14  4.91790132e-11
  0.00000000e+00  1.02833779e-18  0.00000000e+00  0.00000000e+00
  3.49460297e-08  0.00000000e+00  0.00000000e+00]
[ 0.00000000e+00 -1.48203057e-12  2.05465719e-14  4.80174482e-11
  0.00000000e+00  0.00000000e+00  0.00000000e+00  0.00000000e+00
  2.78412403e-08  0.00000000e+00  0.00000000e+00]
[ 0.00000000e+00 -1.39771349e-12 -2.16555653e-13  1.39226427e-12
  0.00000000e+00  0.00000000e+00  0.00000000e+00  0.00000000e+00
 -2.93439607e-07  0.00000000e+00  0.00000000e+00]
[ 0.00000000e+00  4.54490593e-15  0.00000000e+00 -1.35531505e-13
  0.00000000e+00 -2.53018031e-16  0.00000000e+00  0.00000000e+00
  0.00000000e+00  0.00000000e+00  0.00000000e+00]
[ 0.00000000e+00  4.76535663e-16  0.00000000e+00 -1.42105462e-14
  0.00000000e+00 -2.66672084e-16  0.00000000e+00  0.00000000e+00
  0.00000000e+00  0.00000000e+00  0.00000000e+00]
[ 0.00000000e+00 -3.98507066e-14 -6.73749634e-15 -1.21021306e-13
  0.00000000e+00 -2.61283837e-16  0.00000000e+00  0.00000000e+00
  8.61238817e-11 -8.97953861e-11  0.00000000e+00]
[ 0.00000000e+00 -2.08683310e-13 -8.21239299e-15  4.62411274e-12
  0.00000000e+00 -2.30401308e-16  0.00000000e+00  0.00000000e+00
 -3.29071426e-09 -7.91819910e-11  0.00000000e+00]
[ 0.00000000e+00 -1.26326758e-12 -1.74250852e-14  3.42637892e-11
  0.00000000e+00 -3.75562471e-17  0.00000000e+00  0.00000000e+00
 -2.44330956e-08 -1.29069511e-11  0.00000000e+00]
[ 0.00000000e+00 -1.51305370e-12 -1.96071798e-14  4.12841668e-11
  0.00000000e+00  8.20411117e-18  0.00000000e+00  0.00000000e+00
 -2.93687392e-08  2.81950594e-12  0.00000000e+00]
[ 0.00000000e+00 -1.41697453e-12 -2.34035514e-13  0.00000000e+00
  0.00000000e+00  3.10835368e-19  0.00000000e+00  0.00000000e+00
  0.00000000e+00 -3.22611205e-09  0.00000000e+00]
[ 0.00000000e+00 -1.41113974e-12 -2.33749070e-13  0.00000000e+00
  0.00000000e+00 -1.78925708e-20  0.00000000e+00  0.00000000e+00
  0.00000000e+00 -3.08101194e-09  0.00000000e+00]
[ 0.00000000e+00 -1.27321725e-12 -2.26978097e-13  0.00000000e+00
  0.00000000e+00 -7.78834980e-18  0.00000000e+00  0.00000000e+00
  0.00000000e+00 -2.77515700e-09  0.00000000e+00]
[ 0.00000000e+00 -1.26848413e-12 -2.26745736e-13  0.00000000e+00
  0.00000000e+00 -8.05501006e-18  0.00000000e+00  0.00000000e+00
  0.00000000e+00 -2.53711186e-09  0.00000000e+00]

AFTER MUTATION: 
[ 0.00000000e+00 -1.34809651e-12 -2.15333885e-13 -1.10069730e-12
  0.00000000e+00 -1.14872424e-19  0.00000000e+00  0.00000000e+00
 -2.95815379e-07  0.00000000e+00  0.00000000e+00]
[ 0.00000000e+00 -1.44123301e-12  2.73529370e-14  4.91790132e-11
  0.00000000e+00  1.02833779e-18  0.00000000e+00  0.00000000e+00
  3.49460297e-08  0.00000000e+00  0.00000000e+00]
[ 0.00000000e+00 -1.48203057e-12  2.05465719e-14  4.80174482e-11
  0.00000000e+00  0.00000000e+00  0.00000000e+00  0.00000000e+00
  2.79313628e-08  0.00000000e+00  0.00000000e+00]
[ 0.00000000e+00 -1.39771349e-12 -2.16555653e-13  1.26702407e-12
  0.00000000e+00  0.00000000e+00  0.00000000e+00  0.00000000e+00
 -2.93439607e-07  0.00000000e+00  0.00000000e+00]
[ 0.00000000e+00  4.54490593e-15  0.00000000e+00 -1.35531505e-13
  0.00000000e+00 -2.53018031e-16  0.00000000e+00  0.00000000e+00
  0.00000000e+00  0.00000000e+00  0.00000000e+00]
[ 0.00000000e+00  4.76535663e-16  0.00000000e+00 -1.42105462e-14
  0.00000000e+00 -2.64901447e-16  0.00000000e+00  0.00000000e+00
  0.00000000e+00  0.00000000e+00  0.00000000e+00]
[ 0.00000000e+00 -3.98507066e-14 -6.73749634e-15 -1.25982661e-13
  0.00000000e+00 -2.61283837e-16  0.00000000e+00  0.00000000e+00
  8.61238817e-11 -8.97953861e-11  0.00000000e+00]
[ 0.00000000e+00 -2.08683310e-13 -8.21239299e-15  5.04598598e-12
  0.00000000e+00 -2.30401308e-16  0.00000000e+00  0.00000000e+00
 -3.29071426e-09 -8.64060282e-11  0.00000000e+00]
[ 0.00000000e+00 -1.26326758e-12 -1.88890528e-14  3.42637892e-11
  0.00000000e+00 -3.75562471e-17  0.00000000e+00  0.00000000e+00
 -2.44330956e-08 -1.29069511e-11  0.00000000e+00]
[ 0.00000000e+00 -1.51305370e-12 -1.96071798e-14  4.12841668e-11
  0.00000000e+00  8.20411117e-18  0.00000000e+00  0.00000000e+00
 -2.93687392e-08  2.78839771e-12  0.00000000e+00]
[ 0.00000000e+00 -1.41697453e-12 -2.34035514e-13  0.00000000e+00
  0.00000000e+00  3.10835368e-19  0.00000000e+00  0.00000000e+00
  0.00000000e+00 -3.22611205e-09  0.00000000e+00]
[ 0.00000000e+00 -1.41113974e-12 -2.33749070e-13  0.00000000e+00
  0.00000000e+00 -1.78925708e-20  0.00000000e+00  0.00000000e+00
  0.00000000e+00 -3.08101194e-09  0.00000000e+00]
[ 0.00000000e+00 -1.27321725e-12 -2.26978097e-13  0.00000000e+00
  0.00000000e+00 -7.78834980e-18  0.00000000e+00  0.00000000e+00
  0.00000000e+00 -2.77515700e-09  0.00000000e+00]
[ 0.00000000e+00 -1.26848413e-12 -2.12359893e-13  0.00000000e+00
  0.00000000e+00 -8.05501006e-18  0.00000000e+00  0.00000000e+00
  0.00000000e+00 -2.53711186e-09  0.00000000e+00]
====================================================
GENERATION:  4

INITIAL POPULATION: 
[ 0.00000000e+00 -1.34809651e-12 -2.15333885e-13 -1.10069730e-12
  0.00000000e+00 -1.14872424e-19  0.00000000e+00  0.00000000e+00
 -2.95815379e-07  0.00000000e+00  0.00000000e+00]
[ 0.00000000e+00 -1.44123301e-12  2.73529370e-14  4.91790132e-11
  0.00000000e+00  1.02833779e-18  0.00000000e+00  0.00000000e+00
  3.49460297e-08  0.00000000e+00  0.00000000e+00]
[ 0.00000000e+00 -1.48203057e-12  2.05465719e-14  4.80174482e-11
  0.00000000e+00  0.00000000e+00  0.00000000e+00  0.00000000e+00
  2.79313628e-08  0.00000000e+00  0.00000000e+00]
[ 0.00000000e+00 -1.39771349e-12 -2.16555653e-13  1.26702407e-12
  0.00000000e+00  0.00000000e+00  0.00000000e+00  0.00000000e+00
 -2.93439607e-07  0.00000000e+00  0.00000000e+00]
[ 0.00000000e+00  4.54490593e-15  0.00000000e+00 -1.35531505e-13
  0.00000000e+00 -2.53018031e-16  0.00000000e+00  0.00000000e+00
  0.00000000e+00  0.00000000e+00  0.00000000e+00]
[ 0.00000000e+00  4.76535663e-16  0.00000000e+00 -1.42105462e-14
  0.00000000e+00 -2.64901447e-16  0.00000000e+00  0.00000000e+00
  0.00000000e+00  0.00000000e+00  0.00000000e+00]
[ 0.00000000e+00 -3.98507066e-14 -6.73749634e-15 -1.25982661e-13
  0.00000000e+00 -2.61283837e-16  0.00000000e+00  0.00000000e+00
  8.61238817e-11 -8.97953861e-11  0.00000000e+00]
[ 0.00000000e+00 -2.08683310e-13 -8.21239299e-15  5.04598598e-12
  0.00000000e+00 -2.30401308e-16  0.00000000e+00  0.00000000e+00
 -3.29071426e-09 -8.64060282e-11  0.00000000e+00]
[ 0.00000000e+00 -1.26326758e-12 -1.88890528e-14  3.42637892e-11
  0.00000000e+00 -3.75562471e-17  0.00000000e+00  0.00000000e+00
 -2.44330956e-08 -1.29069511e-11  0.00000000e+00]
[ 0.00000000e+00 -1.51305370e-12 -1.96071798e-14  4.12841668e-11
  0.00000000e+00  8.20411117e-18  0.00000000e+00  0.00000000e+00
 -2.93687392e-08  2.78839771e-12  0.00000000e+00]
[ 0.00000000e+00 -1.41697453e-12 -2.34035514e-13  0.00000000e+00
  0.00000000e+00  3.10835368e-19  0.00000000e+00  0.00000000e+00
  0.00000000e+00 -3.22611205e-09  0.00000000e+00]
[ 0.00000000e+00 -1.41113974e-12 -2.33749070e-13  0.00000000e+00
  0.00000000e+00 -1.78925708e-20  0.00000000e+00  0.00000000e+00
  0.00000000e+00 -3.08101194e-09  0.00000000e+00]
[ 0.00000000e+00 -1.27321725e-12 -2.26978097e-13  0.00000000e+00
  0.00000000e+00 -7.78834980e-18  0.00000000e+00  0.00000000e+00
  0.00000000e+00 -2.77515700e-09  0.00000000e+00]
[ 0.00000000e+00 -1.26848413e-12 -2.12359893e-13  0.00000000e+00
  0.00000000e+00 -8.05501006e-18  0.00000000e+00  0.00000000e+00
  0.00000000e+00 -2.53711186e-09  0.00000000e+00]

AFTER SELECTION: 
[ 0.00000000e+00 -1.26326758e-12 -1.88890528e-14  3.42637892e-11
  0.00000000e+00 -3.75562471e-17  0.00000000e+00  0.00000000e+00
 -2.44330956e-08 -1.29069511e-11  0.00000000e+00]
[ 0.00000000e+00 -1.30805030e-12 -1.78163004e-14  3.55224323e-11
  0.00000000e+00 -2.93521359e-17  0.00000000e+00  0.00000000e+00
 -2.53179787e-08 -1.00874452e-11  0.00000000e+00]
[ 0.00000000e+00 -1.46827099e-12 -1.92159646e-14  4.00255237e-11
  0.00000000e+00  0.00000000e+00  0.00000000e+00  0.00000000e+00
 -2.84838561e-08  0.00000000e+00  0.00000000e+00]
[ 0.00000000e+00 -1.51305370e-12 -1.96071798e-14  4.12841668e-11
  0.00000000e+00  8.20411117e-18  0.00000000e+00  0.00000000e+00
 -2.93687392e-08  2.78839771e-12  0.00000000e+00]
[ 0.00000000e+00 -1.41697453e-12 -2.34035514e-13  0.00000000e+00
  0.00000000e+00  3.10835368e-19  0.00000000e+00  0.00000000e+00
  0.00000000e+00 -3.22611205e-09  0.00000000e+00]
[ 0.00000000e+00 -1.41665694e-12 -2.34019923e-13  0.00000000e+00
  0.00000000e+00  2.92942797e-19  0.00000000e+00  0.00000000e+00
  0.00000000e+00 -3.21821429e-09  0.00000000e+00]
[ 0.00000000e+00 -1.41145732e-12 -2.33764661e-13  0.00000000e+00
  0.00000000e+00  0.00000000e+00  0.00000000e+00  0.00000000e+00
  0.00000000e+00 -3.08890970e-09  0.00000000e+00]
[ 0.00000000e+00 -1.41113974e-12 -2.33749070e-13  0.00000000e+00
  0.00000000e+00 -1.78925708e-20  0.00000000e+00  0.00000000e+00
  0.00000000e+00 -3.08101194e-09  0.00000000e+00]
[ 0.00000000e+00 -1.27345050e-12 -2.26989548e-13  0.00000000e+00
  0.00000000e+00 -7.77520853e-18  0.00000000e+00  0.00000000e+00
  0.00000000e+00 -2.78688809e-09  0.00000000e+00]
[ 0.00000000e+00 -1.27321725e-12 -2.26978097e-13  0.00000000e+00
  0.00000000e+00 -7.78834980e-18  0.00000000e+00  0.00000000e+00
  0.00000000e+00 -2.77515700e-09  0.00000000e+00]
[ 0.00000000e+00 -1.26825088e-12 -2.26734286e-13  0.00000000e+00
  0.00000000e+00 -8.06815133e-18  0.00000000e+00  0.00000000e+00
  0.00000000e+00 -2.52538077e-09  0.00000000e+00]
[ 0.00000000e+00 -1.26848413e-12 -2.12359893e-13  0.00000000e+00
  0.00000000e+00 -8.05501006e-18  0.00000000e+00  0.00000000e+00
  0.00000000e+00 -2.53711186e-09  0.00000000e+00]

AFTER CROSSOVER: 
[ 0.00000000e+00 -1.26699247e-12 -1.87998245e-14  3.43684794e-11
  0.00000000e+00 -3.68738539e-17  0.00000000e+00  0.00000000e+00
 -2.45066975e-08 -1.26724331e-11  0.00000000e+00]
[ 0.00000000e+00 -1.30432541e-12 -1.79055287e-14  3.54177422e-11
  0.00000000e+00 -3.00345292e-17  0.00000000e+00  0.00000000e+00
 -2.52443768e-08 -1.03219632e-11  0.00000000e+00]
[ 0.00000000e+00 -1.46194860e-12 -1.91607332e-14  3.98478296e-11
  0.00000000e+00 -1.15824899e-18  0.00000000e+00  0.00000000e+00
 -2.83589291e-08 -3.93663466e-13  0.00000000e+00]
[ 0.00000000e+00 -1.51937609e-12 -1.96624112e-14  4.14618609e-11
  0.00000000e+00  9.36236016e-18  0.00000000e+00  0.00000000e+00
 -2.94936662e-08  3.18206118e-12  0.00000000e+00]
[ 0.00000000e+00 -1.41700019e-12 -2.34036774e-13  0.00000000e+00
  0.00000000e+00  3.12281225e-19  0.00000000e+00  0.00000000e+00
  0.00000000e+00 -3.22675025e-09  0.00000000e+00]
[ 0.00000000e+00 -1.41663128e-12 -2.34018663e-13  0.00000000e+00
  0.00000000e+00  2.91496939e-19  0.00000000e+00  0.00000000e+00
  0.00000000e+00 -3.21757609e-09  0.00000000e+00]
[ 0.00000000e+00 -1.41148361e-12 -2.33765951e-13  0.00000000e+00
  0.00000000e+00  1.48105241e-21  0.00000000e+00  0.00000000e+00
  0.00000000e+00 -3.08956344e-09  0.00000000e+00]
[ 0.00000000e+00 -1.41111345e-12 -2.33747779e-13  0.00000000e+00
  0.00000000e+00 -1.93736232e-20  0.00000000e+00  0.00000000e+00
  0.00000000e+00 -3.08035821e-09  0.00000000e+00]
[ 0.00000000e+00 -1.27344076e-12 -2.26989070e-13  0.00000000e+00
  0.00000000e+00 -7.77575706e-18  0.00000000e+00  0.00000000e+00
  0.00000000e+00 -2.78639842e-09  0.00000000e+00]
[ 0.00000000e+00 -1.27322698e-12 -2.26978575e-13  0.00000000e+00
  0.00000000e+00 -7.78780127e-18  0.00000000e+00  0.00000000e+00
  0.00000000e+00 -2.77564667e-09  0.00000000e+00]
[ 0.00000000e+00 -1.26826384e-12 -2.25935410e-13  0.00000000e+00
  0.00000000e+00 -8.06742099e-18  0.00000000e+00  0.00000000e+00
  0.00000000e+00 -2.52603274e-09  0.00000000e+00]
[ 0.00000000e+00 -1.26847117e-12 -2.13158768e-13  0.00000000e+00
  0.00000000e+00 -8.05574041e-18  0.00000000e+00  0.00000000e+00
  0.00000000e+00 -2.53645989e-09  0.00000000e+00]

AFTER MUTATION: 
[ 0.00000000e+00 -1.26699247e-12 -1.87998245e-14  3.43684794e-11
  0.00000000e+00 -3.72804088e-17  0.00000000e+00  0.00000000e+00
 -2.45066975e-08 -1.26724331e-11  0.00000000e+00]
[ 0.00000000e+00 -1.30432541e-12 -1.79055287e-14  3.54177422e-11
  0.00000000e+00 -3.00345292e-17  0.00000000e+00  0.00000000e+00
 -2.69173487e-08 -1.03219632e-11  0.00000000e+00]
[ 0.00000000e+00 -1.46194860e-12 -1.91607332e-14  3.98478296e-11
  0.00000000e+00 -1.15824899e-18  0.00000000e+00  0.00000000e+00
 -2.83589291e-08 -3.93663466e-13  0.00000000e+00]
[ 0.00000000e+00 -1.51937609e-12 -1.96624112e-14  4.14618609e-11
  0.00000000e+00  9.36236016e-18  0.00000000e+00  0.00000000e+00
 -3.02780958e-08  3.18206118e-12  0.00000000e+00]
[ 0.00000000e+00 -1.41700019e-12 -2.34036774e-13  0.00000000e+00
  0.00000000e+00  3.12281225e-19  0.00000000e+00  0.00000000e+00
  0.00000000e+00 -3.22675025e-09  0.00000000e+00]
[ 0.00000000e+00 -1.41663128e-12 -2.34018663e-13  0.00000000e+00
  0.00000000e+00  2.91496939e-19  0.00000000e+00  0.00000000e+00
  0.00000000e+00 -3.21757609e-09  0.00000000e+00]
[ 0.00000000e+00 -1.41148361e-12 -2.15903232e-13  0.00000000e+00
  0.00000000e+00  1.48105241e-21  0.00000000e+00  0.00000000e+00
  0.00000000e+00 -2.85348113e-09  0.00000000e+00]
[ 0.00000000e+00 -1.41111345e-12 -2.40353993e-13  0.00000000e+00
  0.00000000e+00 -1.93736232e-20  0.00000000e+00  0.00000000e+00
  0.00000000e+00 -3.16741574e-09  0.00000000e+00]
[ 0.00000000e+00 -1.27344076e-12 -2.26989070e-13  0.00000000e+00
  0.00000000e+00 -7.22520240e-18  0.00000000e+00  0.00000000e+00
  0.00000000e+00 -2.78639842e-09  0.00000000e+00]
[ 0.00000000e+00 -1.36323871e-12 -2.26978575e-13  0.00000000e+00
  0.00000000e+00 -8.33836566e-18  0.00000000e+00  0.00000000e+00
  0.00000000e+00 -2.77564667e-09  0.00000000e+00]
[ 0.00000000e+00 -1.26826384e-12 -2.25935410e-13  0.00000000e+00
  0.00000000e+00 -8.60032386e-18  0.00000000e+00  0.00000000e+00
  0.00000000e+00 -2.52603274e-09  0.00000000e+00]
[ 0.00000000e+00 -1.26847117e-12 -2.13158768e-13  0.00000000e+00
  0.00000000e+00 -8.05574041e-18  0.00000000e+00  0.00000000e+00
  0.00000000e+00 -2.53645989e-09  0.00000000e+00]
====================================================
GENERATION:  5

INITIAL POPULATION: 
[ 0.00000000e+00 -1.26699247e-12 -1.87998245e-14  3.43684794e-11
  0.00000000e+00 -3.72804088e-17  0.00000000e+00  0.00000000e+00
 -2.45066975e-08 -1.26724331e-11  0.00000000e+00]
[ 0.00000000e+00 -1.30432541e-12 -1.79055287e-14  3.54177422e-11
  0.00000000e+00 -3.00345292e-17  0.00000000e+00  0.00000000e+00
 -2.69173487e-08 -1.03219632e-11  0.00000000e+00]
[ 0.00000000e+00 -1.46194860e-12 -1.91607332e-14  3.98478296e-11
  0.00000000e+00 -1.15824899e-18  0.00000000e+00  0.00000000e+00
 -2.83589291e-08 -3.93663466e-13  0.00000000e+00]
[ 0.00000000e+00 -1.51937609e-12 -1.96624112e-14  4.14618609e-11
  0.00000000e+00  9.36236016e-18  0.00000000e+00  0.00000000e+00
 -3.02780958e-08  3.18206118e-12  0.00000000e+00]
[ 0.00000000e+00 -1.41700019e-12 -2.34036774e-13  0.00000000e+00
  0.00000000e+00  3.12281225e-19  0.00000000e+00  0.00000000e+00
  0.00000000e+00 -3.22675025e-09  0.00000000e+00]
[ 0.00000000e+00 -1.41663128e-12 -2.34018663e-13  0.00000000e+00
  0.00000000e+00  2.91496939e-19  0.00000000e+00  0.00000000e+00
  0.00000000e+00 -3.21757609e-09  0.00000000e+00]
[ 0.00000000e+00 -1.41148361e-12 -2.15903232e-13  0.00000000e+00
  0.00000000e+00  1.48105241e-21  0.00000000e+00  0.00000000e+00
  0.00000000e+00 -2.85348113e-09  0.00000000e+00]
[ 0.00000000e+00 -1.41111345e-12 -2.40353993e-13  0.00000000e+00
  0.00000000e+00 -1.93736232e-20  0.00000000e+00  0.00000000e+00
  0.00000000e+00 -3.16741574e-09  0.00000000e+00]
[ 0.00000000e+00 -1.27344076e-12 -2.26989070e-13  0.00000000e+00
  0.00000000e+00 -7.22520240e-18  0.00000000e+00  0.00000000e+00
  0.00000000e+00 -2.78639842e-09  0.00000000e+00]
[ 0.00000000e+00 -1.36323871e-12 -2.26978575e-13  0.00000000e+00
  0.00000000e+00 -8.33836566e-18  0.00000000e+00  0.00000000e+00
  0.00000000e+00 -2.77564667e-09  0.00000000e+00]
[ 0.00000000e+00 -1.26826384e-12 -2.25935410e-13  0.00000000e+00
  0.00000000e+00 -8.60032386e-18  0.00000000e+00  0.00000000e+00
  0.00000000e+00 -2.52603274e-09  0.00000000e+00]
[ 0.00000000e+00 -1.26847117e-12 -2.13158768e-13  0.00000000e+00
  0.00000000e+00 -8.05574041e-18  0.00000000e+00  0.00000000e+00
  0.00000000e+00 -2.53645989e-09  0.00000000e+00]

AFTER SELECTION: 
[ 0.00000000e+00 -1.41113974e-12 -2.33749070e-13  0.00000000e+00
  0.00000000e+00 -1.78925708e-20  0.00000000e+00  0.00000000e+00
  0.00000000e+00 -3.08101194e-09  0.00000000e+00]
[ 0.00000000e+00 -1.41148361e-12 -2.15903232e-13  0.00000000e+00
  0.00000000e+00  1.48105241e-21  0.00000000e+00  0.00000000e+00
  0.00000000e+00 -2.85348113e-09  0.00000000e+00]
[ 0.00000000e+00 -1.27345050e-12 -2.26989548e-13  0.00000000e+00
  0.00000000e+00 -7.77520853e-18  0.00000000e+00  0.00000000e+00
  0.00000000e+00 -2.78688809e-09  0.00000000e+00]
[ 0.00000000e+00 -1.27344076e-12 -2.26989070e-13  0.00000000e+00
  0.00000000e+00 -7.22520240e-18  0.00000000e+00  0.00000000e+00
  0.00000000e+00 -2.78639842e-09  0.00000000e+00]
[ 0.00000000e+00 -1.36323871e-12 -2.26978575e-13  0.00000000e+00
  0.00000000e+00 -8.33836566e-18  0.00000000e+00  0.00000000e+00
  0.00000000e+00 -2.77564667e-09  0.00000000e+00]
[ 0.00000000e+00 -1.27321725e-12 -2.26978097e-13  0.00000000e+00
  0.00000000e+00 -7.78834980e-18  0.00000000e+00  0.00000000e+00
  0.00000000e+00 -2.77515700e-09  0.00000000e+00]
[ 0.00000000e+00 -1.26826384e-12 -2.25935410e-13  0.00000000e+00
  0.00000000e+00 -8.60032386e-18  0.00000000e+00  0.00000000e+00
  0.00000000e+00 -2.52603274e-09  0.00000000e+00]
[ 0.00000000e+00 -1.26825088e-12 -2.26734286e-13  0.00000000e+00
  0.00000000e+00 -8.06815133e-18  0.00000000e+00  0.00000000e+00
  0.00000000e+00 -2.52538077e-09  0.00000000e+00]
[ 0.00000000e+00 -1.26847117e-12 -2.13158768e-13  0.00000000e+00
  0.00000000e+00 -8.05574041e-18  0.00000000e+00  0.00000000e+00
  0.00000000e+00 -2.53645989e-09  0.00000000e+00]
[ 0.00000000e+00 -1.26848413e-12 -2.12359893e-13  0.00000000e+00
  0.00000000e+00 -8.05501006e-18  0.00000000e+00  0.00000000e+00
  0.00000000e+00 -2.53711186e-09  0.00000000e+00]

AFTER CROSSOVER: 
[ 0.00000000e+00 -1.41108620e-12 -2.36527439e-13  0.00000000e+00
  0.00000000e+00 -2.09087966e-20  0.00000000e+00  0.00000000e+00
  0.00000000e+00 -3.11643559e-09  0.00000000e+00]
[ 0.00000000e+00 -1.41153715e-12 -2.13124863e-13  0.00000000e+00
  0.00000000e+00  4.49727821e-21  0.00000000e+00  0.00000000e+00
  0.00000000e+00 -2.81805749e-09  0.00000000e+00]
[ 0.00000000e+00 -1.27345356e-12 -2.26989698e-13  0.00000000e+00
  0.00000000e+00 -7.94796041e-18  0.00000000e+00  0.00000000e+00
  0.00000000e+00 -2.78704189e-09  0.00000000e+00]
[ 0.00000000e+00 -1.27343770e-12 -2.26988920e-13  0.00000000e+00
  0.00000000e+00 -7.05245052e-18  0.00000000e+00  0.00000000e+00
  0.00000000e+00 -2.78624462e-09  0.00000000e+00]
[ 0.00000000e+00 -1.37021517e-12 -2.26978612e-13  0.00000000e+00
  0.00000000e+00 -8.38099062e-18  0.00000000e+00  0.00000000e+00
  0.00000000e+00 -2.77568462e-09  0.00000000e+00]
[ 0.00000000e+00 -1.26624079e-12 -2.26978060e-13  0.00000000e+00
  0.00000000e+00 -7.74572484e-18  0.00000000e+00  0.00000000e+00
  0.00000000e+00 -2.77511905e-09  0.00000000e+00]
[ 0.00000000e+00 -1.26826380e-12 -2.25938081e-13  0.00000000e+00
  0.00000000e+00 -8.59854448e-18  0.00000000e+00  0.00000000e+00
  0.00000000e+00 -2.52603056e-09  0.00000000e+00]
[ 0.00000000e+00 -1.26825092e-12 -2.26731614e-13  0.00000000e+00
  0.00000000e+00 -8.06993070e-18  0.00000000e+00  0.00000000e+00
  0.00000000e+00 -2.52538295e-09  0.00000000e+00]
[ 0.00000000e+00 -1.26847184e-12 -2.13117631e-13  0.00000000e+00
  0.00000000e+00 -8.05570280e-18  0.00000000e+00  0.00000000e+00
  0.00000000e+00 -2.53649346e-09  0.00000000e+00]
[ 0.00000000e+00 -1.26848347e-12 -2.12401029e-13  0.00000000e+00
  0.00000000e+00 -8.05504767e-18  0.00000000e+00  0.00000000e+00
  0.00000000e+00 -2.53707828e-09  0.00000000e+00]

AFTER MUTATION: 
[ 0.00000000e+00 -1.42024959e-12 -2.38063414e-13  0.00000000e+00
  0.00000000e+00 -2.10445753e-20  0.00000000e+00  0.00000000e+00
  0.00000000e+00 -3.11643559e-09  0.00000000e+00]
[ 0.00000000e+00 -1.41153715e-12 -2.13124863e-13  0.00000000e+00
  0.00000000e+00  4.49727821e-21  0.00000000e+00  0.00000000e+00
  0.00000000e+00 -2.81805749e-09  0.00000000e+00]
[ 0.00000000e+00 -1.27345356e-12 -2.26989698e-13  0.00000000e+00
  0.00000000e+00 -8.31469693e-18  0.00000000e+00  0.00000000e+00
  0.00000000e+00 -2.78704189e-09  0.00000000e+00]
[ 0.00000000e+00 -1.23873679e-12 -2.20803520e-13  0.00000000e+00
  0.00000000e+00 -7.05245052e-18  0.00000000e+00  0.00000000e+00
  0.00000000e+00 -2.78624462e-09  0.00000000e+00]
[ 0.00000000e+00 -1.37021517e-12 -2.26978612e-13  0.00000000e+00
  0.00000000e+00 -8.38099062e-18  0.00000000e+00  0.00000000e+00
  0.00000000e+00 -2.77568462e-09  0.00000000e+00]
[ 0.00000000e+00 -1.26624079e-12 -2.26978060e-13  0.00000000e+00
  0.00000000e+00 -7.74572484e-18  0.00000000e+00  0.00000000e+00
  0.00000000e+00 -2.77511905e-09  0.00000000e+00]
[ 0.00000000e+00 -1.26826380e-12 -2.25938081e-13  0.00000000e+00
  0.00000000e+00 -8.59854448e-18  0.00000000e+00  0.00000000e+00
  0.00000000e+00 -2.52603056e-09  0.00000000e+00]
[ 0.00000000e+00 -1.26825092e-12 -2.26731614e-13  0.00000000e+00
  0.00000000e+00 -7.67148551e-18  0.00000000e+00  0.00000000e+00
  0.00000000e+00 -2.52538295e-09  0.00000000e+00]
[ 0.00000000e+00 -1.22083479e-12 -2.13117631e-13  0.00000000e+00
  0.00000000e+00 -8.05570280e-18  0.00000000e+00  0.00000000e+00
  0.00000000e+00 -2.53649346e-09  0.00000000e+00]
[ 0.00000000e+00 -1.26848347e-12 -2.12401029e-13  0.00000000e+00
  0.00000000e+00 -8.05504767e-18  0.00000000e+00  0.00000000e+00
  0.00000000e+00 -2.36022570e-09  0.00000000e+00]
====================================================
GENERATION:  6

INITIAL POPULATION: 
[ 0.00000000e+00 -1.42024959e-12 -2.38063414e-13  0.00000000e+00
  0.00000000e+00 -2.10445753e-20  0.00000000e+00  0.00000000e+00
  0.00000000e+00 -3.11643559e-09  0.00000000e+00]
[ 0.00000000e+00 -1.41153715e-12 -2.13124863e-13  0.00000000e+00
  0.00000000e+00  4.49727821e-21  0.00000000e+00  0.00000000e+00
  0.00000000e+00 -2.81805749e-09  0.00000000e+00]
[ 0.00000000e+00 -1.27345356e-12 -2.26989698e-13  0.00000000e+00
  0.00000000e+00 -8.31469693e-18  0.00000000e+00  0.00000000e+00
  0.00000000e+00 -2.78704189e-09  0.00000000e+00]
[ 0.00000000e+00 -1.23873679e-12 -2.20803520e-13  0.00000000e+00
  0.00000000e+00 -7.05245052e-18  0.00000000e+00  0.00000000e+00
  0.00000000e+00 -2.78624462e-09  0.00000000e+00]
[ 0.00000000e+00 -1.37021517e-12 -2.26978612e-13  0.00000000e+00
  0.00000000e+00 -8.38099062e-18  0.00000000e+00  0.00000000e+00
  0.00000000e+00 -2.77568462e-09  0.00000000e+00]
[ 0.00000000e+00 -1.26624079e-12 -2.26978060e-13  0.00000000e+00
  0.00000000e+00 -7.74572484e-18  0.00000000e+00  0.00000000e+00
  0.00000000e+00 -2.77511905e-09  0.00000000e+00]
[ 0.00000000e+00 -1.26826380e-12 -2.25938081e-13  0.00000000e+00
  0.00000000e+00 -8.59854448e-18  0.00000000e+00  0.00000000e+00
  0.00000000e+00 -2.52603056e-09  0.00000000e+00]
[ 0.00000000e+00 -1.26825092e-12 -2.26731614e-13  0.00000000e+00
  0.00000000e+00 -7.67148551e-18  0.00000000e+00  0.00000000e+00
  0.00000000e+00 -2.52538295e-09  0.00000000e+00]
[ 0.00000000e+00 -1.22083479e-12 -2.13117631e-13  0.00000000e+00
  0.00000000e+00 -8.05570280e-18  0.00000000e+00  0.00000000e+00
  0.00000000e+00 -2.53649346e-09  0.00000000e+00]
[ 0.00000000e+00 -1.26848347e-12 -2.12401029e-13  0.00000000e+00
  0.00000000e+00 -8.05504767e-18  0.00000000e+00  0.00000000e+00
  0.00000000e+00 -2.36022570e-09  0.00000000e+00]

AFTER SELECTION: 
[ 0.00000000e+00 -1.26624079e-12 -2.26978060e-13  0.00000000e+00
  0.00000000e+00 -7.74572484e-18  0.00000000e+00  0.00000000e+00
  0.00000000e+00 -2.77511905e-09  0.00000000e+00]
[ 0.00000000e+00 -1.26826384e-12 -2.25935410e-13  0.00000000e+00
  0.00000000e+00 -8.60032386e-18  0.00000000e+00  0.00000000e+00
  0.00000000e+00 -2.52603274e-09  0.00000000e+00]
[ 0.00000000e+00 -1.26826380e-12 -2.25938081e-13  0.00000000e+00
  0.00000000e+00 -8.59854448e-18  0.00000000e+00  0.00000000e+00
  0.00000000e+00 -2.52603056e-09  0.00000000e+00]
[ 0.00000000e+00 -1.26825088e-12 -2.26734286e-13  0.00000000e+00
  0.00000000e+00 -8.06815133e-18  0.00000000e+00  0.00000000e+00
  0.00000000e+00 -2.52538077e-09  0.00000000e+00]
[ 0.00000000e+00 -1.26825092e-12 -2.26731614e-13  0.00000000e+00
  0.00000000e+00 -7.67148551e-18  0.00000000e+00  0.00000000e+00
  0.00000000e+00 -2.52538295e-09  0.00000000e+00]
[ 0.00000000e+00 -1.26847117e-12 -2.13158768e-13  0.00000000e+00
  0.00000000e+00 -8.05574041e-18  0.00000000e+00  0.00000000e+00
  0.00000000e+00 -2.53645989e-09  0.00000000e+00]
[ 0.00000000e+00 -1.22083479e-12 -2.13117631e-13  0.00000000e+00
  0.00000000e+00 -8.05570280e-18  0.00000000e+00  0.00000000e+00
  0.00000000e+00 -2.53649346e-09  0.00000000e+00]
[ 0.00000000e+00 -1.26848413e-12 -2.12359893e-13  0.00000000e+00
  0.00000000e+00 -8.05501006e-18  0.00000000e+00  0.00000000e+00
  0.00000000e+00 -2.53711186e-09  0.00000000e+00]

AFTER CROSSOVER: 
[ 0.00000000e+00 -1.26634174e-12 -2.26926034e-13  0.00000000e+00
  0.00000000e+00 -7.78836788e-18  0.00000000e+00  0.00000000e+00
  0.00000000e+00 -2.76269007e-09  0.00000000e+00]
[ 0.00000000e+00 -1.26816290e-12 -2.25987437e-13  0.00000000e+00
  0.00000000e+00 -8.55768081e-18  0.00000000e+00  0.00000000e+00
  0.00000000e+00 -2.53846173e-09  0.00000000e+00]
[ 0.00000000e+00 -1.26826259e-12 -2.26012498e-13  0.00000000e+00
  0.00000000e+00 -8.54897198e-18  0.00000000e+00  0.00000000e+00
  0.00000000e+00 -2.52596983e-09  0.00000000e+00]
[ 0.00000000e+00 -1.26825209e-12 -2.26659869e-13  0.00000000e+00
  0.00000000e+00 -8.11772383e-18  0.00000000e+00  0.00000000e+00
  0.00000000e+00 -2.52544150e-09  0.00000000e+00]
[ 0.00000000e+00 -1.26824805e-12 -2.26908840e-13  0.00000000e+00
  0.00000000e+00 -7.66646815e-18  0.00000000e+00  0.00000000e+00
  0.00000000e+00 -2.52523831e-09  0.00000000e+00]
[ 0.00000000e+00 -1.26847405e-12 -2.12981542e-13  0.00000000e+00
  0.00000000e+00 -8.06075777e-18  0.00000000e+00  0.00000000e+00
  0.00000000e+00 -2.53660452e-09  0.00000000e+00]
[ 0.00000000e+00 -1.22122239e-12 -2.13111467e-13  0.00000000e+00
  0.00000000e+00 -8.05569716e-18  0.00000000e+00  0.00000000e+00
  0.00000000e+00 -2.53649849e-09  0.00000000e+00]
[ 0.00000000e+00 -1.26809653e-12 -2.12366057e-13  0.00000000e+00
  0.00000000e+00 -8.05501570e-18  0.00000000e+00  0.00000000e+00
  0.00000000e+00 -2.53710682e-09  0.00000000e+00]

AFTER MUTATION: 
[ 0.00000000e+00 -1.26634174e-12 -2.26926034e-13  0.00000000e+00
  0.00000000e+00 -7.78836788e-18  0.00000000e+00  0.00000000e+00
  0.00000000e+00 -2.76269007e-09  0.00000000e+00]
[ 0.00000000e+00 -1.26816290e-12 -2.29485321e-13  0.00000000e+00
  0.00000000e+00 -8.69013849e-18  0.00000000e+00  0.00000000e+00
  0.00000000e+00 -2.53846173e-09  0.00000000e+00]
[ 0.00000000e+00 -1.26826259e-12 -2.26012498e-13  0.00000000e+00
  0.00000000e+00 -8.87197499e-18  0.00000000e+00  0.00000000e+00
  0.00000000e+00 -2.52596983e-09  0.00000000e+00]
[ 0.00000000e+00 -1.26825209e-12 -2.08072459e-13  0.00000000e+00
  0.00000000e+00 -8.11772383e-18  0.00000000e+00  0.00000000e+00
  0.00000000e+00 -2.52544150e-09  0.00000000e+00]
[ 0.00000000e+00 -1.26824805e-12 -2.26908840e-13  0.00000000e+00
  0.00000000e+00 -7.66646815e-18  0.00000000e+00  0.00000000e+00
  0.00000000e+00 -2.33546488e-09  0.00000000e+00]
[ 0.00000000e+00 -1.33497054e-12 -2.12981542e-13  0.00000000e+00
  0.00000000e+00 -8.48332228e-18  0.00000000e+00  0.00000000e+00
  0.00000000e+00 -2.53660452e-09  0.00000000e+00]
[ 0.00000000e+00 -1.32702705e-12 -2.13111467e-13  0.00000000e+00
  0.00000000e+00 -8.05569716e-18  0.00000000e+00  0.00000000e+00
  0.00000000e+00 -2.75625647e-09  0.00000000e+00]
[ 0.00000000e+00 -1.26809653e-12 -2.12366057e-13  0.00000000e+00
  0.00000000e+00 -8.05501570e-18  0.00000000e+00  0.00000000e+00
  0.00000000e+00 -2.53710682e-09  0.00000000e+00]
====================================================
GENERATION:  7

INITIAL POPULATION: 
[ 0.00000000e+00 -1.26634174e-12 -2.26926034e-13  0.00000000e+00
  0.00000000e+00 -7.78836788e-18  0.00000000e+00  0.00000000e+00
  0.00000000e+00 -2.76269007e-09  0.00000000e+00]
[ 0.00000000e+00 -1.26816290e-12 -2.29485321e-13  0.00000000e+00
  0.00000000e+00 -8.69013849e-18  0.00000000e+00  0.00000000e+00
  0.00000000e+00 -2.53846173e-09  0.00000000e+00]
[ 0.00000000e+00 -1.26826259e-12 -2.26012498e-13  0.00000000e+00
  0.00000000e+00 -8.87197499e-18  0.00000000e+00  0.00000000e+00
  0.00000000e+00 -2.52596983e-09  0.00000000e+00]
[ 0.00000000e+00 -1.26825209e-12 -2.08072459e-13  0.00000000e+00
  0.00000000e+00 -8.11772383e-18  0.00000000e+00  0.00000000e+00
  0.00000000e+00 -2.52544150e-09  0.00000000e+00]
[ 0.00000000e+00 -1.26824805e-12 -2.26908840e-13  0.00000000e+00
  0.00000000e+00 -7.66646815e-18  0.00000000e+00  0.00000000e+00
  0.00000000e+00 -2.33546488e-09  0.00000000e+00]
[ 0.00000000e+00 -1.33497054e-12 -2.12981542e-13  0.00000000e+00
  0.00000000e+00 -8.48332228e-18  0.00000000e+00  0.00000000e+00
  0.00000000e+00 -2.53660452e-09  0.00000000e+00]
[ 0.00000000e+00 -1.32702705e-12 -2.13111467e-13  0.00000000e+00
  0.00000000e+00 -8.05569716e-18  0.00000000e+00  0.00000000e+00
  0.00000000e+00 -2.75625647e-09  0.00000000e+00]
[ 0.00000000e+00 -1.26809653e-12 -2.12366057e-13  0.00000000e+00
  0.00000000e+00 -8.05501570e-18  0.00000000e+00  0.00000000e+00
  0.00000000e+00 -2.53710682e-09  0.00000000e+00]

AFTER SELECTION: 
[ 0.00000000e+00 -1.33497054e-12 -2.12981542e-13  0.00000000e+00
  0.00000000e+00 -8.48332228e-18  0.00000000e+00  0.00000000e+00
  0.00000000e+00 -2.53660452e-09  0.00000000e+00]
[ 0.00000000e+00 -1.26816290e-12 -2.29485321e-13  0.00000000e+00
  0.00000000e+00 -8.69013849e-18  0.00000000e+00  0.00000000e+00
  0.00000000e+00 -2.53846173e-09  0.00000000e+00]
[ 0.00000000e+00 -1.26847117e-12 -2.13158768e-13  0.00000000e+00
  0.00000000e+00 -8.05574041e-18  0.00000000e+00  0.00000000e+00
  0.00000000e+00 -2.53645989e-09  0.00000000e+00]
[ 0.00000000e+00 -1.22083479e-12 -2.13117631e-13  0.00000000e+00
  0.00000000e+00 -8.05570280e-18  0.00000000e+00  0.00000000e+00
  0.00000000e+00 -2.53649346e-09  0.00000000e+00]
[ 0.00000000e+00 -1.26809653e-12 -2.12366057e-13  0.00000000e+00
  0.00000000e+00 -8.05501570e-18  0.00000000e+00  0.00000000e+00
  0.00000000e+00 -2.53710682e-09  0.00000000e+00]
[ 0.00000000e+00 -1.26848413e-12 -2.12359893e-13  0.00000000e+00
  0.00000000e+00 -8.05501006e-18  0.00000000e+00  0.00000000e+00
  0.00000000e+00 -2.53711186e-09  0.00000000e+00]

AFTER CROSSOVER: 
[ 0.00000000e+00 -1.34116378e-12 -2.11451598e-13  0.00000000e+00
  0.00000000e+00 -8.46414988e-18  0.00000000e+00  0.00000000e+00
  0.00000000e+00 -2.53643235e-09  0.00000000e+00]
[ 0.00000000e+00 -1.26196965e-12 -2.31015264e-13  0.00000000e+00
  0.00000000e+00 -8.70931090e-18  0.00000000e+00  0.00000000e+00
  0.00000000e+00 -2.53863390e-09  0.00000000e+00]
[ 0.00000000e+00 -1.26730324e-12 -2.13157759e-13  0.00000000e+00
  0.00000000e+00 -8.05573949e-18  0.00000000e+00  0.00000000e+00
  0.00000000e+00 -2.53646071e-09  0.00000000e+00]
[ 0.00000000e+00 -1.22200272e-12 -2.13118640e-13  0.00000000e+00
  0.00000000e+00 -8.05570372e-18  0.00000000e+00  0.00000000e+00
  0.00000000e+00 -2.53649263e-09  0.00000000e+00]
[ 0.00000000e+00 -1.26810949e-12 -2.12365850e-13  0.00000000e+00
  0.00000000e+00 -8.05501551e-18  0.00000000e+00  0.00000000e+00
  0.00000000e+00 -2.53710699e-09  0.00000000e+00]
[ 0.00000000e+00 -1.26847117e-12 -2.12360099e-13  0.00000000e+00
  0.00000000e+00 -8.05501025e-18  0.00000000e+00  0.00000000e+00
  0.00000000e+00 -2.53711169e-09  0.00000000e+00]

AFTER MUTATION: 
[ 0.00000000e+00 -1.34116378e-12 -2.11451598e-13  0.00000000e+00
  0.00000000e+00 -8.65833589e-18  0.00000000e+00  0.00000000e+00
  0.00000000e+00 -2.53643235e-09  0.00000000e+00]
[ 0.00000000e+00 -1.26196965e-12 -2.31015264e-13  0.00000000e+00
  0.00000000e+00 -8.70931090e-18  0.00000000e+00  0.00000000e+00
  0.00000000e+00 -2.55324431e-09  0.00000000e+00]
[ 0.00000000e+00 -1.26730324e-12 -2.13157759e-13  0.00000000e+00
  0.00000000e+00 -7.31759072e-18  0.00000000e+00  0.00000000e+00
  0.00000000e+00 -2.53646071e-09  0.00000000e+00]
[ 0.00000000e+00 -1.22200272e-12 -2.13118640e-13  0.00000000e+00
  0.00000000e+00 -8.05570372e-18  0.00000000e+00  0.00000000e+00
  0.00000000e+00 -2.53649263e-09  0.00000000e+00]
[ 0.00000000e+00 -1.33207065e-12 -2.12365850e-13  0.00000000e+00
  0.00000000e+00 -8.05501551e-18  0.00000000e+00  0.00000000e+00
  0.00000000e+00 -2.66507410e-09  0.00000000e+00]
[ 0.00000000e+00 -1.26847117e-12 -2.12360099e-13  0.00000000e+00
  0.00000000e+00 -8.05501025e-18  0.00000000e+00  0.00000000e+00
  0.00000000e+00 -2.53711169e-09  0.00000000e+00]
====================================================
GENERATION:  8

INITIAL POPULATION: 
[ 0.00000000e+00 -1.34116378e-12 -2.11451598e-13  0.00000000e+00
  0.00000000e+00 -8.65833589e-18  0.00000000e+00  0.00000000e+00
  0.00000000e+00 -2.53643235e-09  0.00000000e+00]
[ 0.00000000e+00 -1.26196965e-12 -2.31015264e-13  0.00000000e+00
  0.00000000e+00 -8.70931090e-18  0.00000000e+00  0.00000000e+00
  0.00000000e+00 -2.55324431e-09  0.00000000e+00]
[ 0.00000000e+00 -1.26730324e-12 -2.13157759e-13  0.00000000e+00
  0.00000000e+00 -7.31759072e-18  0.00000000e+00  0.00000000e+00
  0.00000000e+00 -2.53646071e-09  0.00000000e+00]
[ 0.00000000e+00 -1.22200272e-12 -2.13118640e-13  0.00000000e+00
  0.00000000e+00 -8.05570372e-18  0.00000000e+00  0.00000000e+00
  0.00000000e+00 -2.53649263e-09  0.00000000e+00]
[ 0.00000000e+00 -1.33207065e-12 -2.12365850e-13  0.00000000e+00
  0.00000000e+00 -8.05501551e-18  0.00000000e+00  0.00000000e+00
  0.00000000e+00 -2.66507410e-09  0.00000000e+00]
[ 0.00000000e+00 -1.26847117e-12 -2.12360099e-13  0.00000000e+00
  0.00000000e+00 -8.05501025e-18  0.00000000e+00  0.00000000e+00
  0.00000000e+00 -2.53711169e-09  0.00000000e+00]

AFTER SELECTION: 
[ 0.00000000e+00 -1.26848413e-12 -2.12359893e-13  0.00000000e+00
  0.00000000e+00 -8.05501006e-18  0.00000000e+00  0.00000000e+00
  0.00000000e+00 -2.53711186e-09  0.00000000e+00]
[ 0.00000000e+00 -1.33207065e-12 -2.12365850e-13  0.00000000e+00
  0.00000000e+00 -8.05501551e-18  0.00000000e+00  0.00000000e+00
  0.00000000e+00 -2.66507410e-09  0.00000000e+00]
[ 0.00000000e+00 -1.26730324e-12 -2.13157759e-13  0.00000000e+00
  0.00000000e+00 -7.31759072e-18  0.00000000e+00  0.00000000e+00
  0.00000000e+00 -2.53646071e-09  0.00000000e+00]
[ 0.00000000e+00 -1.26196965e-12 -2.31015264e-13  0.00000000e+00
  0.00000000e+00 -8.70931090e-18  0.00000000e+00  0.00000000e+00
  0.00000000e+00 -2.55324431e-09  0.00000000e+00]

AFTER CROSSOVER: 
[ 0.00000000e+00 -1.27685240e-12 -2.12360677e-13  0.00000000e+00
  0.00000000e+00 -8.05501078e-18  0.00000000e+00  0.00000000e+00
  0.00000000e+00 -2.55395225e-09  0.00000000e+00]
[ 0.00000000e+00 -1.32370239e-12 -2.12365066e-13  0.00000000e+00
  0.00000000e+00 -8.05501479e-18  0.00000000e+00  0.00000000e+00
  0.00000000e+00 -2.64823371e-09  0.00000000e+00]
[ 0.00000000e+00 -1.26648858e-12 -2.15885333e-13  0.00000000e+00
  0.00000000e+00 -7.53016347e-18  0.00000000e+00  0.00000000e+00
  0.00000000e+00 -2.53902425e-09  0.00000000e+00]
[ 0.00000000e+00 -1.26278431e-12 -2.28287691e-13  0.00000000e+00
  0.00000000e+00 -8.49673815e-18  0.00000000e+00  0.00000000e+00
  0.00000000e+00 -2.55068077e-09  0.00000000e+00]

AFTER MUTATION: 
[ 0.00000000e+00 -1.27685240e-12 -2.12360677e-13  0.00000000e+00
  0.00000000e+00 -8.05501078e-18  0.00000000e+00  0.00000000e+00
  0.00000000e+00 -2.60480551e-09  0.00000000e+00]
[ 0.00000000e+00 -1.40220146e-12 -2.12365066e-13  0.00000000e+00
  0.00000000e+00 -8.05501479e-18  0.00000000e+00  0.00000000e+00
  0.00000000e+00 -2.64823371e-09  0.00000000e+00]
[ 0.00000000e+00 -1.26648858e-12 -2.15885333e-13  0.00000000e+00
  0.00000000e+00 -7.53016347e-18  0.00000000e+00  0.00000000e+00
  0.00000000e+00 -2.53902425e-09  0.00000000e+00]
[ 0.00000000e+00 -1.29712463e-12 -2.28287691e-13  0.00000000e+00
  0.00000000e+00 -8.49673815e-18  0.00000000e+00  0.00000000e+00
  0.00000000e+00 -2.55068077e-09  0.00000000e+00]
====================================================
GENERATION:  9

INITIAL POPULATION: 
[ 0.00000000e+00 -1.27685240e-12 -2.12360677e-13  0.00000000e+00
  0.00000000e+00 -8.05501078e-18  0.00000000e+00  0.00000000e+00
  0.00000000e+00 -2.60480551e-09  0.00000000e+00]
[ 0.00000000e+00 -1.40220146e-12 -2.12365066e-13  0.00000000e+00
  0.00000000e+00 -8.05501479e-18  0.00000000e+00  0.00000000e+00
  0.00000000e+00 -2.64823371e-09  0.00000000e+00]
[ 0.00000000e+00 -1.26648858e-12 -2.15885333e-13  0.00000000e+00
  0.00000000e+00 -7.53016347e-18  0.00000000e+00  0.00000000e+00
  0.00000000e+00 -2.53902425e-09  0.00000000e+00]
[ 0.00000000e+00 -1.29712463e-12 -2.28287691e-13  0.00000000e+00
  0.00000000e+00 -8.49673815e-18  0.00000000e+00  0.00000000e+00
  0.00000000e+00 -2.55068077e-09  0.00000000e+00]

AFTER SELECTION: 
[ 0.00000000e+00 -1.40220146e-12 -2.12365066e-13  0.00000000e+00
  0.00000000e+00 -8.05501479e-18  0.00000000e+00  0.00000000e+00
  0.00000000e+00 -2.64823371e-09  0.00000000e+00]
[ 0.00000000e+00 -1.27685240e-12 -2.12360677e-13  0.00000000e+00
  0.00000000e+00 -8.05501078e-18  0.00000000e+00  0.00000000e+00
  0.00000000e+00 -2.60480551e-09  0.00000000e+00]

AFTER CROSSOVER: 
[ 0.00000000e+00 -1.41243520e-12 -2.12365425e-13  0.00000000e+00
  0.00000000e+00 -8.05501512e-18  0.00000000e+00  0.00000000e+00
  0.00000000e+00 -2.65177927e-09  0.00000000e+00]
[ 0.00000000e+00 -1.26661866e-12 -2.12360318e-13  0.00000000e+00
  0.00000000e+00 -8.05501045e-18  0.00000000e+00  0.00000000e+00
  0.00000000e+00 -2.60125995e-09  0.00000000e+00]

AFTER MUTATION: 
[ 0.00000000e+00 -1.41243520e-12 -2.12365425e-13  0.00000000e+00
  0.00000000e+00 -8.05501512e-18  0.00000000e+00  0.00000000e+00
  0.00000000e+00 -2.67062029e-09  0.00000000e+00]
[ 0.00000000e+00 -1.26661866e-12 -2.29698990e-13  0.00000000e+00
  0.00000000e+00 -8.05501045e-18  0.00000000e+00  0.00000000e+00
  0.00000000e+00 -2.60125995e-09  0.00000000e+00]
====================================================
GENERATION:  10

INITIAL POPULATION: 
[ 0.00000000e+00 -1.41243520e-12 -2.12365425e-13  0.00000000e+00
  0.00000000e+00 -8.05501512e-18  0.00000000e+00  0.00000000e+00
  0.00000000e+00 -2.67062029e-09  0.00000000e+00]
[ 0.00000000e+00 -1.26661866e-12 -2.29698990e-13  0.00000000e+00
  0.00000000e+00 -8.05501045e-18  0.00000000e+00  0.00000000e+00
  0.00000000e+00 -2.60125995e-09  0.00000000e+00]

AFTER SELECTION: 

AFTER CROSSOVER: 

AFTER MUTATION: 
====================================================
